10020	22.83
10022	31.50
1002	25.43
10023	37.11
10027	18.82
1006	56.35
10-1	19.45
102-1	43.09
102-3	52.06
102-5	46.19
10-3	26.95
103-6	40.44
104-1	37.73
10-5	18.70
105	32.21
1061	14.44
106-1	48.04
1062	77.13
1063	17.22
1066	32.34
1070	39.81
108	30.52
109-1	36.16
109-5	36.82
110-2	43.65
11-1	50.81
112-2	31.83
113	38.77
1-13	71.89
11-4	24.36
114-5	38.05
115-1	35.05
11-5	44.49
1158	41.10
116-3	48.82
1166	60.89
117	56.07
118-1	51.22
118-4	52.60
119-1	40.71
119-2	42.91
119-3	41.80
120	42.68
12-11	36.08
121-3	43.19
122-5	47.68
12-3	35.65
124-2	47.73
124-4	44.00
125-2	43.50
1254	30.00
125-5	45.28
1257	40.84
126-3	41.27
127-1	48.41
127-2	42.85
12-8	22.90
128-4	47.02
13-10	52.77
131-1	43.48
13-13	20.60
1313	26.37
131-3	42.43
131-5	46.25
1317	67.54
132-1	46.23
1-32	26.92
132-5	57.14
133-3	49.47
133-5	51.92
134-3	55.52
134-4	49.84
13-5	34.55
137-1	57.29
137-2	50.03
138-1	47.63
139	22.38
14312	40.39
14313	40.25
14314	36.35
14315	37.98
14318	42.82
14319	81.55
14-5	36.01
14-62	16.62
15-11	21.21
15-14	80.93
1552	63.30
15560	61.99
15591	89.57
15593	96.62
159	25.79
1612	37.76
1622	47.29
1651	41.29
1652	44.83
16-62	45.30
1676	44.45
1684	36.60
17-11	40.24
17-2	62.56
17-5	23.27
1756	36.07
1757	70.21
1793	69.04
1797	25.04
1820	32.18
1-8	24.09
1829	31.94
1834	42.36
1835	39.03
18-4	20.82
1851	69.67
1852	28.81
18-5	49.02
18694	66.40
18696	55.64
18-7	18.49
1872	21.30
1890	22.07
1925	18.41
19-33	19.82
19-61	44.59
19-66	41.81
19949	73.04
19950	19.33
19951	18.77
2016	16.81
2017	20.80
20-21	52.62
20-2	20.18
2031	22.90
20-36	18.17
2053	22.88
2057	22.30
2108	21.84
21-42	45.95
2-1	45.99
21-54	54.35
2-16	39.58
21-64	50.49
2171	17.09
2191	22.47
22-10	52.10
22-1	22.16
2212	22.38
22-20	43.84
2239	22.79
2240	20.98
2278	17.19
2285	22.13
2286	21.52
23-19	46.56
23-34	23.95
23-40	48.43
24-10	19.72
24-14	51.10
24-20	51.60
25-16	21.69
2-5	20.88
25-30	52.87
25-34	47.43
26-1	38.36
26-3	42.53
265	13.85
26-5	22.01
27-5	34.91
27-8	22.31
27-9	20.21
28-10	30.46
28-17	36.60
28-6	24.43
29-50	34.60
29-6	47.92
29-8	18.94
30-1	55.79
30-6	24.40
30-7	45.26
31-26	21.56
3-1	42.20
32-15	35.13
3-2	25.37
32-27	35.05
32-28	28.63
33-4	24.94
33-46	20.45
33-53	43.49
34-11	41.14
34-16	19.82
3-4	20.46
34-2	43.20
350	16.02
35-10	20.78
35-1	20.74
351	33.65
35-3	38.89
36-19	38.33
36-31	19.69
37-10	20.83
37-3	52.37
37-8	36.41
38-2	24.89
38-3	44.79
38-4	19.92
39-16	24.79
39-6	45.93
39-7	41.56
40-2	19.73
403	12.39
410	9.24
41-10	22.80
41-11	21.96
4-15	58.99
4-17	48.18
41-7	49.55
42-3	21.22
424	11.52
42-4	39.76
428	12.18
42-8	21.69
430	14.19
43-12	23.41
43-1	40.44
43-7	24.53
45-20	25.64
45-23	26.83
45-25	42.48
46-27	37.42
46-28	27.40
46-31	29.12
4-7	42.70
4807	14.62
48-1	22.26
4840	14.77
4857	16.40
4939	16.92
4958	11.13
50-3	20.95
50-4	49.77
50-5	22.42
506	17.21
51-1	23.79
51-4	21.30
5-15	51.13
51-8	21.68
5210	11.67
52-10	69.04
52-13	24.63
52-22	21.08
5-23	44.28
5249	17.10
5253	12.00
5276	14.71
5279	15.74
53-18	23.26
53-19	23.80
53-21	44.05
5349	20.92
5353	12.56
5395	15.93
544	17.49
54-4	55.06
54-5	31.56
546	17.04
54-6	20.73
5486	13.85
55-12	20.57
55-13	22.26
55-7	46.61
5577	27.36
5644	12.61
5651	15.71
57-1	27.55
5717	17.17
5718	66.12
5720	21.44
5726	21.72
5741	17.92
5748	23.64
5757	21.38
57-6	46.20
5768	32.54
5772	33.58
57-7	40.33
5776	60.10
5779	26.44
5784	24.83
5798	53.33
5800	30.29
5811	28.84
58-2	51.44
5830	28.68
5831	35.37
5832	43.30
5836	55.48
5837	16.92
58-5	58.00
5856	21.25
5860	37.98
5865	135.88
5867	39.35
58-7	27.92
5874	23.07
5890	22.04
5893	29.11
5907	26.51
59-12	21.80
5921	22.56
59-2	71.84
59-4	42.93
5950	47.94
5984	29.44
5993	19.36
6008	22.41
6009	23.60
6010	103.70
6011	56.19
60-1	20.66
6012	50.72
6013	35.26
6016	21.42
6017	52.31
6019	32.43
6020	32.29
6021	33.39
6022	132.93
6023	29.95
6024	33.25
60-2	49.01
6025	30.34
6034	37.39
6036	18.40
6038	42.97
6039	27.99
6040	23.66
6041	47.24
6042	35.98
6046	20.75
6064	19.86
6069	35.81
6070	34.02
6071	28.38
6073	46.59
6074	25.70
60-7	48.65
6076	22.92
6077	24.97
6085	50.79
6086	44.61
6087	81.31
6088	32.77
6090	46.91
6091	101.21
6092	24.93
6094	42.61
6095	106.38
6096	40.72
6097	54.14
6098	51.94
6099	31.89
6100	31.78
6101	114.44
6102	30.37
6104	35.80
6105	28.78
6106	32.32
6107	31.50
6108	35.78
6109	47.77
6111	34.99
6112	36.80
6113	31.60
61-1	40.41
6114	36.55
6115	46.39
6118	40.83
6119	50.67
6122	44.54
6123	60.88
61-2	43.17
6124	69.75
6125	25.13
6126	24.90
6128	33.51
6131	40.69
6132	37.86
6133	33.52
6134	38.65
6136	33.73
6137	33.12
6138	44.93
6140	24.12
6141	39.25
6142	36.12
6145	34.54
6148	45.62
6149	34.87
6150	36.28
6151	44.63
6153	17.16
6154	26.83
61-5	45.64
6163	28.87
6166	47.57
6169	33.17
6172	32.10
6173	43.64
6174	34.63
6177	37.37
6180	34.17
6184	45.92
6188	28.06
6189	34.85
6191	24.52
6192	31.24
6193	31.48
6194	52.33
6195	38.84
6201	67.52
6202	42.23
6203	41.34
6209	47.20
6210	34.61
6214	61.70
6216	85.01
62-1	73.47
6217	49.26
6218	95.88
6220	22.67
6221	21.71
62-2	56.31
62-3	42.24
6235	46.26
6238	32.48
6240	22.36
6242	17.94
6244	22.36
6252	37.20
6258	30.28
6268	102.49
6276	75.50
6-28	26.71
6284	82.39
628	67.19
6296	23.43
630	30.32
63-1	22.23
63-2	46.10
63-5	44.85
6390	25.95
6396	24.24
6413	33.97
6424	26.19
64-2	51.27
6434	28.18
64-3	50.73
6445	20.09
64-5	20.38
65-1	22.56
65-2	43.15
65-4	34.91
66-3	26.73
66-5	48.40
66-7	46.79
67-1	25.91
6739	44.64
6740	48.17
6744	20.81
6749	50.02
6750	49.79
6805	55.19
6806	61.49
680	71.03
68-1	27.39
6814	48.88
681	46.53
6830	68.95
68-3	46.94
6-8	42.63
68-5	42.49
685	78.15
687	41.75
6900	17.28
6901	20.13
6903	29.08
6904	161.38
6907	22.53
6908	45.16
6911	35.23
6913	24.52
69-1	45.87
6915	17.80
6917	18.43
6918	24.72
6919	14.93
6920	45.69
6923	26.00
6926	13.99
6927	44.79
6929	16.90
6931	16.94
6932	42.63
6933	103.48
6938	24.24
6940	15.56
6943	50.86
6944	38.94
6945	30.86
6-9	50.77
6951	14.94
69-5	39.89
6956	25.25
6957	18.01
6958	21.78
6959	30.97
6960	20.67
6961	19.74
6966	13.80
6967	24.57
6968	17.88
6969	23.39
6971	31.08
69-7	26.88
6973	42.44
6974	36.70
6975	16.45
6976	31.53
6979	21.51
6981	16.86
6984	22.39
6986	20.71
6992	15.63
6997	15.39
7002	72.16
7003	15.36
7008	14.43
70-1	21.72
7013	15.07
7014	85.13
70-2	43.60
7025	14.88
7026	18.74
7028	17.58
7036	24.51
70-5	48.31
7058	20.97
7061	23.60
7062	26.84
7064	14.29
7067	18.54
7071	17.79
7077	14.21
7081	23.52
7092	16.24
7096	14.29
7102	99.87
7111	23.02
71-1	45.72
7117	32.53
7119	16.02
7120	19.00
7126	17.77
7127	14.82
7130	24.96
7133	14.05
7-1	39.16
7143	29.89
71-4	39.84
7147	17.21
71-5	23.06
7-15	42.78
7161	15.00
7163	14.63
7165	16.24
7169	16.19
7177	15.79
7181	15.49
7183	47.34
7186	19.38
7192	14.78
7199	30.90
7202	43.83
7203	27.15
7207	14.63
7208	154.06
7209	31.03
7213	16.96
7217	16.85
72-2	19.24
7-2	22.27
7236	14.13
72-4	37.83
7248	29.87
7258	16.83
72-6	38.13
7273	20.36
7276	14.70
7282	25.17
728	31.08
7287	82.60
7288	24.00
7305	15.04
7314	23.47
7316	14.28
7322	21.41
7323	24.46
7327	19.66
7328	22.37
7342	25.20
7346	15.27
7347	19.17
7350	19.31
73-5	24.76
7353	13.81
7354	14.43
7356	14.90
7358	67.89
7359	44.59
73-6	92.28
7372	25.61
7373	22.42
7383	24.56
7384	15.72
7387	16.26
73-9	41.69
7394	17.17
7396	23.00
7404	13.39
74-10	40.55
7411	13.30
7413	22.78
74-14	20.21
7416	25.63
7419	27.70
7461	19.08
7475	62.38
74-8	44.25
7514	23.66
7515	13.81
7516	24.36
7520	17.49
7521	40.72
7525	22.03
7529	49.52
7530	58.60
75-3	46.54
75-5	38.86
75-6	26.22
7568	65.10
763	28.58
76-3	73.96
76-4	61.12
76-5	115.83
766	15.16
7717	20.30
772	20.23
77-2	62.03
77-3	66.82
77-5	44.07
7757	50.17
7767	49.77
78-1	39.75
78-4	65.12
78-5	75.11
79-2	45.11
79-4	74.99
79-6	44.03
801	21.74
80-1	36.79
80-2	49.95
8037	58.10
8057	52.57
81-10	36.04
81-2	37.95
81-3	42.23
8171	48.22
8-17	24.08
8214	13.81
82-1	65.27
8222	22.52
8227	52.44
8230	30.38
8231	26.14
8233	21.17
8234	44.69
8235	23.09
82-3	59.16
8236	16.78
8237	34.79
8238	27.84
8240	28.05
8241	37.60
8242	40.19
8243	18.30
8244	25.70
8246	25.95
8247	22.98
8249	25.61
8256	26.52
8258	34.57
8259	43.28
82-6	38.93
8264	26.90
8283	25.60
8284	15.00
8285	24.49
8290	15.09
8297	21.54
8306	25.79
8307	44.33
8311	12.48
8312	14.82
83-2	61.51
8326	47.90
83-3	42.26
8334	42.49
8335	27.17
8337	25.25
8351	47.56
83-5	65.61
8357	106.87
8365	19.57
8366	24.06
8369	22.64
8376	35.20
8386	35.52
84-1	38.17
8419	19.66
8422	39.95
8424	53.38
8426	40.50
8427	27.01
84-3	70.78
84-4	72.15
8464	63.33
8483	58.53
85-1	39.69
85-3	47.21
853	82.43
854	70.10
85-5	69.62
8-6	19.49
86	66.53
867	44.87
868	37.75
870	30.30
87	24.70
88-1	38.36
88	18.21
88-2	42.47
88-3	37.16
8-8	41.87
89-1	54.64
89-2	56.42
89-5	38.54
90-1	33.82
90-2	46.27
9027	43.06
9057	42.24
9058	71.18
90-6	63.28
9067	17.32
9069	50.40
9070	26.86
9075	22.48
9078	45.78
9081	20.36
9084	23.22
9085	20.20
9089	25.30
9091	18.62
9095	28.81
9100	43.32
9102	34.63
9103	38.54
9-10	41.53
9104	37.24
9105	24.35
9106	17.42
9111	76.84
9113	21.58
91-1	39.11
9114	22.69
9115	17.82
9121	23.53
9125	36.59
91-2	82.39
9128	26.37
9130	42.85
9131	33.33
9133	31.73
9134	33.32
9-15	39.55
92-2	42.73
92-4	48.65
92-6	45.61
9321	51.22
932	19.71
9323	43.35
93-2	44.04
9332	25.75
9336	99.62
9339	43.09
9343	55.05
9352	54.99
9353	54.47
93-5	44.90
9363	30.43
93-6	44.32
9369	43.45
9370	33.93
9371	51.02
9380	75.52
9381	35.59
9382	40.41
9383	50.82
9386	50.16
9388	48.57
9390	36.47
9391	113.44
9392	59.27
9394	44.11
9399	47.00
9402	40.63
9404	128.61
9405	38.78
9407	17.04
9408	23.88
9409	33.33
9412	35.72
9413	64.68
94-1	43.75
9416	32.46
9421	37.82
94-2	44.80
9427	47.95
9433	43.48
9436	39.01
9442	82.01
9451	38.41
9452	26.18
9453	126.63
9454	47.25
9455	49.72
9470	52.57
9471	43.07
9476	26.36
9481	31.71
9506	32.14
9507	20.69
9508	22.86
9509	19.63
9510	22.32
9511	23.37
9512	27.29
9513	21.99
9514	23.89
9515	19.74
9518	22.74
9519	21.63
9520	26.96
9521	21.75
9522	21.27
9-5	22.90
9523	24.67
9524	22.30
9525	18.90
9526	25.61
9527	24.22
9529	22.71
9530	20.20
9531	17.32
9532	24.98
9533	22.72
95-3	37.57
9534	28.97
9535	24.35
9536	23.37
9537	21.76
9540	21.41
9541	22.03
9542	23.88
9543	21.06
9544	21.50
9545	19.43
9546	22.10
9547	19.44
9548	29.68
9549	28.17
9550	26.10
9551	21.85
9552	22.01
9553	19.47
9554	24.54
9555	28.59
9556	23.89
9557	21.97
9558	25.02
9559	20.99
9560	18.80
9561	22.49
9562	17.82
9564	19.74
9565	20.01
9567	19.63
9568	21.31
9569	23.17
9571	25.23
9573	24.72
9574	21.74
9576	21.79
9577	23.13
9578	19.82
9579	20.80
9581	22.50
9582	25.88
9583	23.49
9584	20.93
9585	24.40
9586	21.71
9587	21.16
9588	21.41
9589	20.82
9590	24.16
9591	21.90
9593	35.32
9594	24.40
9595	20.47
9596	17.33
9597	23.57
9598	18.89
9599	24.41
9600	28.72
9601	24.69
9602	31.80
9606	15.18
9609	15.03
9611	18.96
9612	14.46
9613	13.23
96-1	46.99
9616	21.37
9620	15.43
9621	19.99
9625	18.72
9626	16.08
9629	16.63
9630	15.37
9631	21.89
9635	16.47
9636	24.50
9639	16.83
9640	16.26
9641	22.81
9644	16.31
9647	17.66
9649	17.86
9653	16.07
96-5	46.35
9656	20.02
9660	16.48
9663	17.36
9664	18.16
9665	15.49
9669	15.89
9670	19.71
9671	16.17
9672	19.19
9673	43.66
9677	22.14
9678	20.94
9679	19.31
9682	18.74
9683	21.75
9684	23.39
9685	20.96
9686	29.71
9689	24.56
9690	16.57
9692	20.31
9693	16.71
9694	25.58
9695	15.26
9696	15.76
9698	18.71
9699	15.25
9700	22.45
9701	26.68
9703	28.03
9705	27.88
9708	27.91
9710	16.74
9711	21.74
9712	16.87
9713	15.90
9717	24.43
9720	26.16
9722	22.89
9726	15.46
9730	15.17
9731	23.14
9732	26.15
9733	16.00
97-3	48.11
9743	14.36
9754	29.22
97-5	43.48
9755	28.07
9756	19.76
9764	114.15
9768	32.40
9769	33.32
9770	28.34
9771	26.73
9772	33.69
9774	30.15
9775	34.31
9776	39.53
9777	38.05
9778	31.55
9779	24.77
9780	27.13
9781	24.98
9782	27.80
9783	29.54
9784	27.22
9785	30.48
9786	24.52
9787	25.00
9788	29.71
9789	53.19
9791	27.54
9792	23.41
9793	20.11
9794	27.25
9795	27.00
9796	54.37
9797	30.08
9798	35.43
9799	24.97
9800	29.29
9801	20.73
9802	27.68
9803	24.81
9804	24.83
9805	21.28
9806	27.70
9807	26.53
9808	24.80
9809	19.54
9812	21.13
98-1	41.81
9815	21.56
9817	23.42
9819	18.10
9820	17.10
9821	27.85
9822	20.85
9825	23.19
9826	21.73
9827	20.57
9831	20.03
9832	19.73
9833	18.85
9834	19.13
9835	24.90
9836	19.55
9837	26.80
9839	18.47
9840	21.04
9841	20.37
9843	21.37
9845	25.85
9846	24.97
9847	28.13
9848	27.39
9849	21.75
9850	18.71
9851	26.62
9852	20.14
9853	24.05
9854	18.14
9855	22.17
9868	21.39
9870	23.57
9871	26.55
9873	21.59
9874	21.18
9875	18.76
9876	22.44
9878	25.27
9879	26.98
9880	19.23
9881	20.52
9887	24.20
9888	19.88
9890	19.54
9891	69.73
9892	20.08
9894	20.11
9895	27.61
9898	26.07
9900	21.41
9901	26.93
9902	29.97
991	49.68
992	27.59
99-2	38.48
9933	22.63
997	24.44
Agl0	36.87
Agl1	42.92
Agl2	38.23
Agl3	40.30
Agl5	43.70
Agl9	39.48
Ait14	50.66
Ait9	30.88
Arb0	44.39
Arb2	41.20
Azr0	30.42
Azr11	39.78
Azr13	41.43
Azr16	31.74
Azr5	39.46
Azr7	41.51
Bab0	33.43
Bab3	50.27
Bba0	28.23
Bba2	37.98
Bbe0	48.22
Elh10	41.96
Elh15	37.40
Elh20	35.45
Elh23	45.31
Elh2	39.51
Elh27	32.74
Elh33	43.44
Elh39	39.98
Elh46	55.42
Elk1	42.55
Elk20	24.59
Elk28	44.60
Elk3	23.72
IFr0	39.25
Ifr3	42.85
Ifr4	37.27
Ifr6	44.53
Ket10	35.84
Ket12	25.01
Khe0	35.22
Khe32	39.57
Meh0	39.25
Meh4	29.03
Meh7	35.52
Oua0	34.75
Set0	49.63
Set6	43.95
Tah0	42.14
Tah4	38.96
Tanz-1	40.61
Taz0	33.23
Taz11	46.45
Taz16	37.17
Taz18	43.57
Til2	49.97
Tiz0	40.38
Tiz7	42.40
Zin4	37.00
Zin9	32.72
