Group	Col	MutCount	TotalSites	Mu
A	3	2	56	0.001429
A	4	1	11	0.003636
A	5	3	20	0.006000
A	6	2	23	0.003478
A	7	1	22	0.001818
A	8	6	75	0.003200
A	9	4	64	0.002500
A	10	3	76	0.001579
A	11	8	89	0.003596
A	12	0	47	0.000000
A	13	5	73	0.002740
A	14	6	74	0.003243
A	15	2	64	0.001250
A	16	4	72	0.002222
A	17	3	65	0.001846
A	18	6	66	0.003636
A	19	3	75	0.001600
A	20	3	60	0.002000
A	21	6	58	0.004138
A	22	2	51	0.001569
A	23	2	35	0.002286
A	24	2	70	0.001143
A	25	4	48	0.003333
A	26	0	27	0.000000
A	27	3	44	0.002727
A	28	3	51	0.002353
A	29	4	55	0.002909
A	30	6	70	0.003429
A	31	4	54	0.002963
A	32	2	39	0.002051
A	33	2	45	0.001778
A	34	1	51	0.000784
A	35	1	46	0.000870
A	36	5	43	0.004651
A	37	4	51	0.003137
A	38	1	39	0.001026
A	39	0	27	0.000000
A	40	2	60	0.001333
A	41	0	35	0.000000
A	42	2	27	0.002963
A	43	0	31	0.000000
A	44	0	57	0.000000
A	45	0	27	0.000000
A	46	0	20	0.000000
A	47	2	33	0.002424
A	48	2	31	0.002581
A	49	1	18	0.002222
A	50	3	59	0.002034
A	51	3	37	0.003243
A	52	1	64	0.000625
A	53	2	63	0.001270
A	54	3	62	0.001935
A	55	1	48	0.000833
A	56	1	52	0.000769
A	57	5	61	0.003279
A	58	1	59	0.000678
A	59	4	54	0.002963
A	60	1	58	0.000690
A	61	2	55	0.001455
A	62	3	67	0.001791
A	63	3	56	0.002143
A	64	2	36	0.002222
A	65	5	59	0.003390
A	66	3	45	0.002667
A	67	1	52	0.000769
A	68	0	41	0.000000
A	69	0	48	0.000000
A	70	1	43	0.000930
A	71	2	46	0.001739
A	72	2	58	0.001379
A	73	2	48	0.001667
A	74	1	38	0.001053
A	75	1	39	0.001026
A	76	1	45	0.000889
A	77	2	50	0.001600
A	78	2	52	0.001538
A	79	4	70	0.002286
A	80	0	43	0.000000
A	81	2	63	0.001270
A	82	1	60	0.000667
A	83	5	64	0.003125
A	84	1	44	0.000909
A	85	2	58	0.001379
A	86	1	62	0.000645
A	87	2	53	0.001509
A	88	2	54	0.001481
A	89	4	77	0.002078
A	90	2	64	0.001250
A	91	2	55	0.001455
A	92	0	50	0.000000
A	93	4	66	0.002424
A	94	2	74	0.001081
A	95	0	64	0.000000
A	96	1	56	0.000714
A	97	6	72	0.003333
A	98	4	58	0.002759
A	99	2	51	0.001569
A	100	1	50	0.000800
A	101	1	54	0.000741
A	102	2	36	0.002222
A	103	5	62	0.003226
A	104	2	61	0.001311
A	105	2	62	0.001290
A	106	2	44	0.001818
A	107	1	49	0.000816
A	108	4	51	0.003137
A	109	2	49	0.001633
C	3	0	4	0.000000
C	4	0	2	0.000000
C	5	0	1	0.000000
C	6	0	1	0.000000
C	8	0	9	0.000000
C	9	1	6	0.006667
C	10	0	8	0.000000
C	11	0	6	0.000000
C	12	0	3	0.000000
C	13	0	6	0.000000
C	14	1	11	0.003636
C	15	0	5	0.000000
C	16	0	6	0.000000
C	17	0	5	0.000000
C	18	0	7	0.000000
C	19	0	3	0.000000
C	20	1	5	0.008000
C	21	0	4	0.000000
C	22	1	7	0.005714
C	23	0	3	0.000000
C	24	0	4	0.000000
C	25	1	5	0.008000
C	26	0	1	0.000000
C	27	0	3	0.000000
C	28	0	2	0.000000
C	29	0	3	0.000000
C	30	0	3	0.000000
C	31	0	1	0.000000
C	32	0	1	0.000000
C	33	0	3	0.000000
C	34	1	4	0.010000
C	35	0	2	0.000000
C	36	0	4	0.000000
C	37	0	4	0.000000
C	39	0	3	0.000000
C	40	1	6	0.006667
C	41	0	1	0.000000
C	42	1	3	0.013333
C	43	0	2	0.000000
C	44	0	6	0.000000
C	48	0	3	0.000000
C	49	0	1	0.000000
C	50	0	4	0.000000
C	52	0	2	0.000000
C	53	2	10	0.008000
C	54	0	5	0.000000
C	55	0	3	0.000000
C	56	0	2	0.000000
C	57	0	2	0.000000
C	58	0	3	0.000000
C	59	0	4	0.000000
C	60	2	7	0.011429
C	61	0	5	0.000000
C	62	0	6	0.000000
C	63	0	3	0.000000
C	64	0	2	0.000000
C	65	1	4	0.010000
C	66	0	7	0.000000
C	67	0	2	0.000000
C	68	0	2	0.000000
C	69	0	2	0.000000
C	70	0	3	0.000000
C	71	0	5	0.000000
C	72	0	2	0.000000
C	73	0	5	0.000000
C	74	0	4	0.000000
C	75	0	4	0.000000
C	76	0	2	0.000000
C	77	1	4	0.010000
C	78	0	2	0.000000
C	79	0	4	0.000000
C	80	1	4	0.010000
C	81	0	6	0.000000
C	82	0	3	0.000000
C	83	0	4	0.000000
C	84	1	4	0.010000
C	85	1	4	0.010000
C	86	1	8	0.005000
C	88	0	6	0.000000
C	89	2	6	0.013333
C	90	1	3	0.013333
C	91	0	5	0.000000
C	92	0	4	0.000000
C	93	0	3	0.000000
C	94	0	6	0.000000
C	95	1	7	0.005714
C	96	0	4	0.000000
C	97	0	5	0.000000
C	98	1	4	0.010000
C	99	0	3	0.000000
C	100	0	6	0.000000
C	101	0	4	0.000000
C	102	1	1	0.040000
C	103	1	4	0.010000
C	104	0	4	0.000000
C	105	0	5	0.000000
C	106	0	1	0.000000
C	107	0	3	0.000000
C	109	0	2	0.000000
AC	3	0	3	0.000000
AC	4	0	1	0.000000
AC	5	0	2	0.000000
AC	6	0	2	0.000000
AC	7	0	4	0.000000
AC	8	0	4	0.000000
AC	9	0	4	0.000000
AC	10	0	4	0.000000
AC	11	0	4	0.000000
AC	12	0	4	0.000000
AC	13	0	4	0.000000
AC	14	0	4	0.000000
AC	15	0	3	0.000000
AC	16	0	4	0.000000
AC	17	0	3	0.000000
AC	18	0	4	0.000000
AC	19	0	4	0.000000
AC	20	0	4	0.000000
AC	21	0	4	0.000000
AC	22	0	2	0.000000
AC	23	0	3	0.000000
AC	24	0	4	0.000000
AC	25	1	3	0.013333
AC	26	0	3	0.000000
AC	27	0	2	0.000000
AC	28	0	4	0.000000
AC	29	1	4	0.010000
AC	30	0	4	0.000000
AC	31	0	3	0.000000
AC	32	0	3	0.000000
AC	33	0	2	0.000000
AC	34	0	4	0.000000
AC	35	0	2	0.000000
AC	36	0	4	0.000000
AC	37	0	4	0.000000
AC	38	0	2	0.000000
AC	39	0	4	0.000000
AC	40	0	3	0.000000
AC	41	0	2	0.000000
AC	42	0	3	0.000000
AC	43	0	4	0.000000
AC	44	0	3	0.000000
AC	45	0	3	0.000000
AC	46	0	3	0.000000
AC	47	0	2	0.000000
AC	48	0	3	0.000000
AC	49	0	1	0.000000
AC	50	0	4	0.000000
AC	51	0	3	0.000000
AC	52	0	4	0.000000
AC	53	0	4	0.000000
AC	54	0	4	0.000000
AC	55	0	3	0.000000
AC	56	0	4	0.000000
AC	57	0	4	0.000000
AC	58	0	4	0.000000
AC	59	0	4	0.000000
AC	60	0	4	0.000000
AC	61	0	4	0.000000
AC	62	0	4	0.000000
AC	63	0	3	0.000000
AC	64	0	2	0.000000
AC	65	0	3	0.000000
AC	66	0	2	0.000000
AC	67	0	4	0.000000
AC	68	0	4	0.000000
AC	69	0	4	0.000000
AC	70	0	4	0.000000
AC	71	0	3	0.000000
AC	72	0	4	0.000000
AC	73	0	4	0.000000
AC	74	0	4	0.000000
AC	75	0	2	0.000000
AC	76	0	3	0.000000
AC	77	0	4	0.000000
AC	78	0	3	0.000000
AC	79	0	4	0.000000
AC	80	0	3	0.000000
AC	81	0	4	0.000000
AC	82	0	3	0.000000
AC	83	0	4	0.000000
AC	84	0	3	0.000000
AC	85	0	4	0.000000
AC	86	0	3	0.000000
AC	87	0	4	0.000000
AC	88	0	4	0.000000
AC	89	1	4	0.010000
AC	90	0	3	0.000000
AC	91	0	4	0.000000
AC	92	0	4	0.000000
AC	93	0	4	0.000000
AC	94	0	4	0.000000
AC	95	0	4	0.000000
AC	96	0	4	0.000000
AC	97	0	4	0.000000
AC	98	0	4	0.000000
AC	99	0	4	0.000000
AC	100	0	4	0.000000
AC	101	0	4	0.000000
AC	102	0	3	0.000000
AC	103	0	4	0.000000
AC	104	0	2	0.000000
AC	105	0	3	0.000000
AC	106	0	3	0.000000
AC	107	0	4	0.000000
AC	108	1	4	0.010000
AC	109	0	3	0.000000
AG	3	0	17	0.000000
AG	4	0	5	0.000000
AG	5	0	4	0.000000
AG	6	0	7	0.000000
AG	7	0	7	0.000000
AG	8	1	21	0.001905
AG	9	0	21	0.000000
AG	10	0	19	0.000000
AG	11	1	23	0.001739
AG	12	1	15	0.002667
AG	13	0	23	0.000000
AG	14	1	24	0.001667
AG	15	0	20	0.000000
AG	16	1	17	0.002353
AG	17	0	18	0.000000
AG	18	0	20	0.000000
AG	19	1	19	0.002105
AG	20	0	20	0.000000
AG	21	0	18	0.000000
AG	22	0	16	0.000000
AG	23	0	17	0.000000
AG	24	1	17	0.002353
AG	25	0	17	0.000000
AG	26	0	14	0.000000
AG	27	1	17	0.002353
AG	28	0	17	0.000000
AG	29	1	17	0.002353
AG	30	0	19	0.000000
AG	31	0	19	0.000000
AG	32	0	16	0.000000
AG	33	0	17	0.000000
AG	34	0	16	0.000000
AG	35	0	18	0.000000
AG	36	0	11	0.000000
AG	37	1	18	0.002222
AG	38	0	7	0.000000
AG	39	0	16	0.000000
AG	40	1	18	0.002222
AG	41	0	8	0.000000
AG	42	1	11	0.003636
AG	43	0	13	0.000000
AG	44	1	22	0.001818
AG	45	0	15	0.000000
AG	46	0	4	0.000000
AG	47	0	14	0.000000
AG	48	1	10	0.004000
AG	49	0	5	0.000000
AG	50	1	22	0.001818
AG	51	1	15	0.002667
AG	52	1	21	0.001905
AG	53	0	19	0.000000
AG	54	0	17	0.000000
AG	55	0	18	0.000000
AG	56	1	18	0.002222
AG	57	0	21	0.000000
AG	58	1	19	0.002105
AG	59	1	20	0.002000
AG	60	1	22	0.001818
AG	61	0	22	0.000000
AG	62	1	19	0.002105
AG	63	0	18	0.000000
AG	64	0	12	0.000000
AG	65	0	19	0.000000
AG	66	0	20	0.000000
AG	67	0	19	0.000000
AG	68	0	16	0.000000
AG	69	0	14	0.000000
AG	70	0	18	0.000000
AG	71	0	20	0.000000
AG	72	0	20	0.000000
AG	73	1	17	0.002353
AG	74	1	10	0.004000
AG	75	0	13	0.000000
AG	76	0	12	0.000000
AG	77	1	17	0.002353
AG	78	0	17	0.000000
AG	79	2	24	0.003333
AG	80	1	10	0.004000
AG	81	0	22	0.000000
AG	82	2	24	0.003333
AG	83	1	19	0.002105
AG	84	0	18	0.000000
AG	85	1	19	0.002105
AG	86	1	19	0.002105
AG	87	0	14	0.000000
AG	88	1	18	0.002222
AG	89	1	24	0.001667
AG	90	0	21	0.000000
AG	91	0	20	0.000000
AG	92	0	20	0.000000
AG	93	0	19	0.000000
AG	94	0	22	0.000000
AG	95	0	16	0.000000
AG	96	0	20	0.000000
AG	97	0	21	0.000000
AG	98	0	20	0.000000
AG	99	0	17	0.000000
AG	100	0	19	0.000000
AG	101	0	14	0.000000
AG	102	0	15	0.000000
AG	103	0	18	0.000000
AG	104	1	19	0.002105
AG	105	0	19	0.000000
AG	106	1	18	0.002222
AG	107	0	16	0.000000
AG	108	0	16	0.000000
AG	109	0	13	0.000000
AT	3	24	333	0.002883
AT	4	3	73	0.001644
AT	5	5	112	0.001786
AT	6	8	131	0.002443
AT	7	7	146	0.001918
AT	8	29	409	0.002836
AT	9	22	359	0.002451
AT	10	41	403	0.004069
AT	11	38	442	0.003439
AT	12	15	239	0.002510
AT	13	19	375	0.002027
AT	14	32	395	0.003241
AT	15	33	405	0.003259
AT	16	29	375	0.003093
AT	17	24	334	0.002874
AT	18	17	321	0.002118
AT	19	34	348	0.003908
AT	20	22	352	0.002500
AT	21	13	275	0.001891
AT	22	19	295	0.002576
AT	23	23	241	0.003817
AT	24	34	382	0.003560
AT	25	22	295	0.002983
AT	26	6	138	0.001739
AT	27	17	270	0.002519
AT	28	16	238	0.002689
AT	29	19	264	0.002879
AT	30	24	346	0.002775
AT	31	28	311	0.003601
AT	32	15	238	0.002521
AT	33	18	256	0.002812
AT	34	17	272	0.002500
AT	35	22	294	0.002993
AT	36	19	263	0.002890
AT	37	12	241	0.001992
AT	38	10	165	0.002424
AT	39	10	171	0.002339
AT	40	18	296	0.002432
AT	41	6	157	0.001529
AT	42	12	196	0.002449
AT	43	14	201	0.002786
AT	44	25	283	0.003534
AT	45	13	235	0.002213
AT	46	4	96	0.001667
AT	47	7	152	0.001842
AT	48	8	130	0.002462
AT	49	4	89	0.001798
AT	50	21	315	0.002667
AT	51	15	278	0.002158
AT	52	23	334	0.002754
AT	53	19	350	0.002171
AT	54	21	322	0.002609
AT	55	21	301	0.002791
AT	56	27	299	0.003612
AT	57	24	324	0.002963
AT	58	21	287	0.002927
AT	59	25	375	0.002667
AT	60	29	350	0.003314
AT	61	26	334	0.003114
AT	62	26	376	0.002766
AT	63	22	308	0.002857
AT	64	10	215	0.001860
AT	65	21	323	0.002601
AT	66	14	260	0.002154
AT	67	24	307	0.003127
AT	68	18	255	0.002824
AT	69	14	259	0.002162
AT	70	20	268	0.002985
AT	71	16	295	0.002169
AT	72	20	299	0.002676
AT	73	18	335	0.002149
AT	74	11	170	0.002588
AT	75	9	218	0.001651
AT	76	9	182	0.001978
AT	77	18	272	0.002647
AT	78	18	252	0.002857
AT	79	19	363	0.002094
AT	80	9	207	0.001739
AT	81	20	341	0.002346
AT	82	30	363	0.003306
AT	83	23	327	0.002813
AT	84	16	255	0.002510
AT	85	23	334	0.002754
AT	86	21	339	0.002478
AT	87	33	343	0.003848
AT	88	26	332	0.003133
AT	89	28	385	0.002909
AT	90	19	330	0.002303
AT	91	24	324	0.002963
AT	92	19	333	0.002282
AT	93	19	321	0.002368
AT	94	26	355	0.002930
AT	95	22	371	0.002372
AT	96	26	339	0.003068
AT	97	31	378	0.003280
AT	98	20	345	0.002319
AT	99	16	292	0.002192
AT	100	13	252	0.002063
AT	101	11	216	0.002037
AT	102	11	212	0.002075
AT	103	22	332	0.002651
AT	104	23	309	0.002977
AT	105	31	311	0.003987
AT	106	12	220	0.002182
AT	107	23	291	0.003162
AT	108	9	210	0.001714
AT	109	20	247	0.003239
AAC	3	0	2	0.000000
AAC	5	0	1	0.000000
AAC	6	0	1	0.000000
AAC	7	0	1	0.000000
AAC	8	0	2	0.000000
AAC	9	0	2	0.000000
AAC	10	0	2	0.000000
AAC	11	0	2	0.000000
AAC	12	0	2	0.000000
AAC	13	0	2	0.000000
AAC	14	0	2	0.000000
AAC	15	0	2	0.000000
AAC	16	0	2	0.000000
AAC	17	0	2	0.000000
AAC	18	0	2	0.000000
AAC	20	0	2	0.000000
AAC	21	0	2	0.000000
AAC	22	0	2	0.000000
AAC	23	0	2	0.000000
AAC	24	0	2	0.000000
AAC	25	0	2	0.000000
AAC	26	0	2	0.000000
AAC	27	0	1	0.000000
AAC	28	0	1	0.000000
AAC	29	0	2	0.000000
AAC	30	0	2	0.000000
AAC	31	0	2	0.000000
AAC	32	0	2	0.000000
AAC	33	0	2	0.000000
AAC	34	0	2	0.000000
AAC	35	0	2	0.000000
AAC	36	0	2	0.000000
AAC	37	0	2	0.000000
AAC	38	0	1	0.000000
AAC	39	0	1	0.000000
AAC	40	0	2	0.000000
AAC	42	0	2	0.000000
AAC	43	0	1	0.000000
AAC	44	0	2	0.000000
AAC	45	0	2	0.000000
AAC	46	0	2	0.000000
AAC	47	0	1	0.000000
AAC	48	0	1	0.000000
AAC	50	0	1	0.000000
AAC	51	0	1	0.000000
AAC	52	0	2	0.000000
AAC	53	0	2	0.000000
AAC	54	0	2	0.000000
AAC	55	0	2	0.000000
AAC	56	0	2	0.000000
AAC	58	0	2	0.000000
AAC	59	0	1	0.000000
AAC	60	0	2	0.000000
AAC	61	0	2	0.000000
AAC	62	0	2	0.000000
AAC	63	0	2	0.000000
AAC	64	0	1	0.000000
AAC	65	0	1	0.000000
AAC	66	0	1	0.000000
AAC	67	0	2	0.000000
AAC	68	0	1	0.000000
AAC	69	0	1	0.000000
AAC	70	0	2	0.000000
AAC	71	0	2	0.000000
AAC	72	0	2	0.000000
AAC	73	0	2	0.000000
AAC	74	0	1	0.000000
AAC	75	0	2	0.000000
AAC	76	0	2	0.000000
AAC	77	0	1	0.000000
AAC	78	0	2	0.000000
AAC	79	0	2	0.000000
AAC	80	0	1	0.000000
AAC	81	0	2	0.000000
AAC	82	0	2	0.000000
AAC	83	0	1	0.000000
AAC	84	0	1	0.000000
AAC	85	0	2	0.000000
AAC	86	0	2	0.000000
AAC	87	0	2	0.000000
AAC	88	1	2	0.020000
AAC	89	0	2	0.000000
AAC	90	0	2	0.000000
AAC	91	0	2	0.000000
AAC	92	0	2	0.000000
AAC	93	0	2	0.000000
AAC	94	0	1	0.000000
AAC	95	0	1	0.000000
AAC	96	0	1	0.000000
AAC	97	0	1	0.000000
AAC	98	0	2	0.000000
AAC	99	0	2	0.000000
AAC	100	0	2	0.000000
AAC	101	0	2	0.000000
AAC	102	0	1	0.000000
AAC	103	0	2	0.000000
AAC	104	0	1	0.000000
AAC	105	0	2	0.000000
AAC	106	0	2	0.000000
AAC	107	0	2	0.000000
AAC	108	0	1	0.000000
AAC	109	1	2	0.020000
AAG	3	1	11	0.003636
AAG	4	0	4	0.000000
AAG	5	0	6	0.000000
AAG	6	0	4	0.000000
AAG	7	0	6	0.000000
AAG	8	1	11	0.003636
AAG	9	0	10	0.000000
AAG	10	1	11	0.003636
AAG	11	1	11	0.003636
AAG	12	0	7	0.000000
AAG	13	0	10	0.000000
AAG	14	1	10	0.004000
AAG	15	1	10	0.004000
AAG	16	1	10	0.004000
AAG	17	0	10	0.000000
AAG	18	0	10	0.000000
AAG	19	1	11	0.003636
AAG	20	1	10	0.004000
AAG	21	1	9	0.004444
AAG	22	0	8	0.000000
AAG	23	0	9	0.000000
AAG	24	0	10	0.000000
AAG	25	1	10	0.004000
AAG	26	0	8	0.000000
AAG	27	1	9	0.004444
AAG	28	0	9	0.000000
AAG	29	0	10	0.000000
AAG	30	0	9	0.000000
AAG	31	0	9	0.000000
AAG	32	0	8	0.000000
AAG	33	0	9	0.000000
AAG	34	1	10	0.004000
AAG	35	0	9	0.000000
AAG	36	0	9	0.000000
AAG	37	0	9	0.000000
AAG	38	0	7	0.000000
AAG	39	0	7	0.000000
AAG	40	1	10	0.004000
AAG	41	0	7	0.000000
AAG	42	1	9	0.004444
AAG	43	0	8	0.000000
AAG	44	0	9	0.000000
AAG	45	1	10	0.004000
AAG	46	0	4	0.000000
AAG	47	0	7	0.000000
AAG	48	0	8	0.000000
AAG	49	0	6	0.000000
AAG	50	0	10	0.000000
AAG	51	0	9	0.000000
AAG	52	0	10	0.000000
AAG	53	0	10	0.000000
AAG	54	1	11	0.003636
AAG	55	0	10	0.000000
AAG	56	0	10	0.000000
AAG	57	1	10	0.004000
AAG	58	1	9	0.004444
AAG	59	2	11	0.007273
AAG	60	1	11	0.003636
AAG	61	1	10	0.004000
AAG	62	2	10	0.008000
AAG	63	1	10	0.004000
AAG	64	0	9	0.000000
AAG	65	1	11	0.003636
AAG	66	0	10	0.000000
AAG	67	1	10	0.004000
AAG	68	0	10	0.000000
AAG	69	0	10	0.000000
AAG	70	1	10	0.004000
AAG	71	0	10	0.000000
AAG	72	1	10	0.004000
AAG	73	0	10	0.000000
AAG	74	1	9	0.004444
AAG	75	1	10	0.004000
AAG	76	1	10	0.004000
AAG	77	0	9	0.000000
AAG	78	0	9	0.000000
AAG	79	0	9	0.000000
AAG	80	0	7	0.000000
AAG	81	1	11	0.003636
AAG	82	0	10	0.000000
AAG	83	2	11	0.007273
AAG	84	0	10	0.000000
AAG	85	1	10	0.004000
AAG	86	0	10	0.000000
AAG	87	0	9	0.000000
AAG	88	0	10	0.000000
AAG	89	1	11	0.003636
AAG	90	0	10	0.000000
AAG	91	1	10	0.004000
AAG	92	1	11	0.003636
AAG	93	1	11	0.003636
AAG	94	1	11	0.003636
AAG	95	0	10	0.000000
AAG	96	2	11	0.007273
AAG	97	0	10	0.000000
AAG	98	1	11	0.003636
AAG	99	0	10	0.000000
AAG	100	1	10	0.004000
AAG	101	0	9	0.000000
AAG	102	0	9	0.000000
AAG	103	0	10	0.000000
AAG	104	1	10	0.004000
AAG	105	1	10	0.004000
AAG	106	1	10	0.004000
AAG	107	0	9	0.000000
AAG	108	0	9	0.000000
AAG	109	0	9	0.000000
AAT	3	0	3	0.000000
AAT	4	0	1	0.000000
AAT	5	0	2	0.000000
AAT	6	0	1	0.000000
AAT	7	0	1	0.000000
AAT	8	0	3	0.000000
AAT	9	0	4	0.000000
AAT	10	0	4	0.000000
AAT	11	0	5	0.000000
AAT	12	0	3	0.000000
AAT	13	0	4	0.000000
AAT	14	0	4	0.000000
AAT	15	0	4	0.000000
AAT	16	0	4	0.000000
AAT	17	0	4	0.000000
AAT	18	0	4	0.000000
AAT	19	0	3	0.000000
AAT	20	0	5	0.000000
AAT	21	0	4	0.000000
AAT	22	1	4	0.010000
AAT	23	0	2	0.000000
AAT	24	0	4	0.000000
AAT	25	0	2	0.000000
AAT	26	0	2	0.000000
AAT	27	0	3	0.000000
AAT	28	0	2	0.000000
AAT	29	0	2	0.000000
AAT	30	0	5	0.000000
AAT	31	0	4	0.000000
AAT	32	0	3	0.000000
AAT	33	0	3	0.000000
AAT	34	0	3	0.000000
AAT	35	0	4	0.000000
AAT	36	1	5	0.008000
AAT	37	0	4	0.000000
AAT	38	0	2	0.000000
AAT	39	0	1	0.000000
AAT	40	0	5	0.000000
AAT	41	0	2	0.000000
AAT	42	0	2	0.000000
AAT	43	0	4	0.000000
AAT	44	0	3	0.000000
AAT	45	0	4	0.000000
AAT	46	0	1	0.000000
AAT	48	0	2	0.000000
AAT	49	0	1	0.000000
AAT	50	0	4	0.000000
AAT	51	0	2	0.000000
AAT	52	0	5	0.000000
AAT	53	0	4	0.000000
AAT	54	0	5	0.000000
AAT	55	0	3	0.000000
AAT	56	0	3	0.000000
AAT	57	0	4	0.000000
AAT	58	0	3	0.000000
AAT	59	0	5	0.000000
AAT	60	0	5	0.000000
AAT	61	0	5	0.000000
AAT	62	0	5	0.000000
AAT	63	0	3	0.000000
AAT	64	1	4	0.010000
AAT	65	0	4	0.000000
AAT	66	0	4	0.000000
AAT	67	0	3	0.000000
AAT	68	1	5	0.008000
AAT	69	0	2	0.000000
AAT	70	0	3	0.000000
AAT	71	0	4	0.000000
AAT	72	0	4	0.000000
AAT	73	0	3	0.000000
AAT	74	0	1	0.000000
AAT	75	0	2	0.000000
AAT	76	0	2	0.000000
AAT	77	0	2	0.000000
AAT	78	0	1	0.000000
AAT	79	0	5	0.000000
AAT	80	0	2	0.000000
AAT	81	0	4	0.000000
AAT	82	0	4	0.000000
AAT	83	0	4	0.000000
AAT	84	0	5	0.000000
AAT	85	0	4	0.000000
AAT	86	0	4	0.000000
AAT	87	0	5	0.000000
AAT	88	0	2	0.000000
AAT	89	0	3	0.000000
AAT	90	0	4	0.000000
AAT	91	0	4	0.000000
AAT	92	0	4	0.000000
AAT	93	0	4	0.000000
AAT	94	0	5	0.000000
AAT	95	0	5	0.000000
AAT	96	0	4	0.000000
AAT	97	0	5	0.000000
AAT	98	0	3	0.000000
AAT	99	0	3	0.000000
AAT	100	0	4	0.000000
AAT	101	1	4	0.010000
AAT	102	0	2	0.000000
AAT	103	0	5	0.000000
AAT	104	1	5	0.008000
AAT	105	0	2	0.000000
AAT	106	0	4	0.000000
AAT	107	0	4	0.000000
AAT	108	0	2	0.000000
AAT	109	0	3	0.000000
ATC	3	0	6	0.000000
ATC	4	0	2	0.000000
ATC	5	0	3	0.000000
ATC	6	0	3	0.000000
ATC	7	0	2	0.000000
ATC	8	0	6	0.000000
ATC	9	0	5	0.000000
ATC	10	0	6	0.000000
ATC	11	0	6	0.000000
ATC	12	0	6	0.000000
ATC	13	0	6	0.000000
ATC	14	0	4	0.000000
ATC	15	0	6	0.000000
ATC	16	0	6	0.000000
ATC	17	0	4	0.000000
ATC	18	0	4	0.000000
ATC	19	0	6	0.000000
ATC	20	0	6	0.000000
ATC	21	0	6	0.000000
ATC	22	0	5	0.000000
ATC	23	0	6	0.000000
ATC	24	0	6	0.000000
ATC	25	0	5	0.000000
ATC	26	0	4	0.000000
ATC	27	0	3	0.000000
ATC	28	0	5	0.000000
ATC	29	0	4	0.000000
ATC	30	0	6	0.000000
ATC	31	0	5	0.000000
ATC	32	0	4	0.000000
ATC	33	0	3	0.000000
ATC	34	0	5	0.000000
ATC	35	0	5	0.000000
ATC	36	0	5	0.000000
ATC	37	0	5	0.000000
ATC	38	0	2	0.000000
ATC	39	0	4	0.000000
ATC	40	0	4	0.000000
ATC	41	0	3	0.000000
ATC	42	0	4	0.000000
ATC	43	0	6	0.000000
ATC	44	0	6	0.000000
ATC	45	0	5	0.000000
ATC	46	0	2	0.000000
ATC	47	0	4	0.000000
ATC	48	0	4	0.000000
ATC	49	0	3	0.000000
ATC	50	0	6	0.000000
ATC	51	0	6	0.000000
ATC	52	0	6	0.000000
ATC	53	0	6	0.000000
ATC	54	0	5	0.000000
ATC	55	0	6	0.000000
ATC	56	1	6	0.006667
ATC	57	0	6	0.000000
ATC	58	0	5	0.000000
ATC	59	0	5	0.000000
ATC	60	0	6	0.000000
ATC	61	0	5	0.000000
ATC	62	0	6	0.000000
ATC	63	0	6	0.000000
ATC	64	0	6	0.000000
ATC	65	0	6	0.000000
ATC	66	0	5	0.000000
ATC	67	0	6	0.000000
ATC	68	0	5	0.000000
ATC	69	1	5	0.008000
ATC	70	1	6	0.006667
ATC	71	0	6	0.000000
ATC	72	0	6	0.000000
ATC	73	0	5	0.000000
ATC	74	0	2	0.000000
ATC	75	0	5	0.000000
ATC	76	0	4	0.000000
ATC	77	0	4	0.000000
ATC	78	0	3	0.000000
ATC	79	0	6	0.000000
ATC	80	1	6	0.006667
ATC	81	0	6	0.000000
ATC	82	0	6	0.000000
ATC	83	0	6	0.000000
ATC	84	0	4	0.000000
ATC	85	0	6	0.000000
ATC	86	0	6	0.000000
ATC	87	0	6	0.000000
ATC	88	0	5	0.000000
ATC	89	0	6	0.000000
ATC	90	0	5	0.000000
ATC	91	0	6	0.000000
ATC	92	0	6	0.000000
ATC	93	0	6	0.000000
ATC	94	0	6	0.000000
ATC	95	1	6	0.006667
ATC	96	1	5	0.008000
ATC	97	1	6	0.006667
ATC	98	0	5	0.000000
ATC	99	0	6	0.000000
ATC	100	1	6	0.006667
ATC	101	0	5	0.000000
ATC	102	0	4	0.000000
ATC	103	0	6	0.000000
ATC	104	0	6	0.000000
ATC	105	0	6	0.000000
ATC	106	0	4	0.000000
ATC	107	1	6	0.006667
ATC	108	0	5	0.000000
ATC	109	0	6	0.000000
AAAGC	3	0	1	0.000000
AAAGC	4	1	1	0.040000
AAAGC	6	0	1	0.000000
AAAGC	8	0	1	0.000000
AAAGC	9	0	1	0.000000
AAAGC	10	0	1	0.000000
AAAGC	11	0	1	0.000000
AAAGC	12	0	1	0.000000
AAAGC	13	0	1	0.000000
AAAGC	14	0	1	0.000000
AAAGC	15	0	1	0.000000
AAAGC	16	0	1	0.000000
AAAGC	17	0	1	0.000000
AAAGC	18	0	1	0.000000
AAAGC	19	0	1	0.000000
AAAGC	20	0	1	0.000000
AAAGC	21	0	1	0.000000
AAAGC	22	0	1	0.000000
AAAGC	23	0	1	0.000000
AAAGC	24	0	1	0.000000
AAAGC	25	0	1	0.000000
AAAGC	26	0	1	0.000000
AAAGC	27	0	1	0.000000
AAAGC	28	0	1	0.000000
AAAGC	29	0	1	0.000000
AAAGC	30	0	1	0.000000
AAAGC	31	0	1	0.000000
AAAGC	32	0	1	0.000000
AAAGC	33	0	1	0.000000
AAAGC	34	0	1	0.000000
AAAGC	35	0	1	0.000000
AAAGC	36	0	1	0.000000
AAAGC	37	0	1	0.000000
AAAGC	38	0	1	0.000000
AAAGC	39	0	1	0.000000
AAAGC	40	0	1	0.000000
AAAGC	41	0	1	0.000000
AAAGC	42	0	1	0.000000
AAAGC	43	0	1	0.000000
AAAGC	44	0	1	0.000000
AAAGC	45	0	1	0.000000
AAAGC	46	0	1	0.000000
AAAGC	47	0	1	0.000000
AAAGC	48	0	1	0.000000
AAAGC	49	0	1	0.000000
AAAGC	50	0	1	0.000000
AAAGC	51	0	1	0.000000
AAAGC	52	0	1	0.000000
AAAGC	53	0	1	0.000000
AAAGC	54	0	1	0.000000
AAAGC	55	0	1	0.000000
AAAGC	56	0	1	0.000000
AAAGC	57	0	1	0.000000
AAAGC	58	0	1	0.000000
AAAGC	59	0	1	0.000000
AAAGC	60	0	1	0.000000
AAAGC	61	0	1	0.000000
AAAGC	62	0	1	0.000000
AAAGC	63	0	1	0.000000
AAAGC	64	0	1	0.000000
AAAGC	65	0	1	0.000000
AAAGC	66	0	1	0.000000
AAAGC	67	0	1	0.000000
AAAGC	68	0	1	0.000000
AAAGC	69	0	1	0.000000
AAAGC	70	0	1	0.000000
AAAGC	71	0	1	0.000000
AAAGC	72	0	1	0.000000
AAAGC	73	0	1	0.000000
AAAGC	74	0	1	0.000000
AAAGC	75	0	1	0.000000
AAAGC	76	0	1	0.000000
AAAGC	77	0	1	0.000000
AAAGC	78	0	1	0.000000
AAAGC	79	0	1	0.000000
AAAGC	80	0	1	0.000000
AAAGC	81	0	1	0.000000
AAAGC	82	0	1	0.000000
AAAGC	83	0	1	0.000000
AAAGC	84	0	1	0.000000
AAAGC	85	0	1	0.000000
AAAGC	86	0	1	0.000000
AAAGC	87	0	1	0.000000
AAAGC	88	0	1	0.000000
AAAGC	89	0	1	0.000000
AAAGC	90	0	1	0.000000
AAAGC	91	0	1	0.000000
AAAGC	92	0	1	0.000000
AAAGC	93	0	1	0.000000
AAAGC	94	0	1	0.000000
AAAGC	95	0	1	0.000000
AAAGC	96	0	1	0.000000
AAAGC	97	0	1	0.000000
AAAGC	98	0	1	0.000000
AAAGC	99	0	1	0.000000
AAAGC	100	0	1	0.000000
AAAGC	101	0	1	0.000000
AAAGC	102	0	1	0.000000
AAAGC	103	0	1	0.000000
AAAGC	104	0	1	0.000000
AAAGC	105	0	1	0.000000
AAAGC	106	0	1	0.000000
AAAGC	107	0	1	0.000000
AAAGC	108	0	1	0.000000
AAAGC	109	0	1	0.000000
AAACAC	3	0	1	0.000000
AAACAC	4	0	1	0.000000
AAACAC	5	0	1	0.000000
AAACAC	6	0	1	0.000000
AAACAC	7	0	1	0.000000
AAACAC	8	0	1	0.000000
AAACAC	9	0	1	0.000000
AAACAC	10	0	1	0.000000
AAACAC	11	0	1	0.000000
AAACAC	12	0	1	0.000000
AAACAC	13	0	1	0.000000
AAACAC	14	0	1	0.000000
AAACAC	15	0	1	0.000000
AAACAC	16	0	1	0.000000
AAACAC	17	0	1	0.000000
AAACAC	18	0	1	0.000000
AAACAC	19	0	1	0.000000
AAACAC	20	0	1	0.000000
AAACAC	21	0	1	0.000000
AAACAC	22	0	1	0.000000
AAACAC	23	0	1	0.000000
AAACAC	24	0	1	0.000000
AAACAC	25	0	1	0.000000
AAACAC	26	0	1	0.000000
AAACAC	27	0	1	0.000000
AAACAC	28	0	1	0.000000
AAACAC	29	0	1	0.000000
AAACAC	30	0	1	0.000000
AAACAC	31	0	1	0.000000
AAACAC	32	0	1	0.000000
AAACAC	33	0	1	0.000000
AAACAC	34	0	1	0.000000
AAACAC	35	0	1	0.000000
AAACAC	36	0	1	0.000000
AAACAC	37	0	1	0.000000
AAACAC	38	0	1	0.000000
AAACAC	39	0	1	0.000000
AAACAC	40	1	1	0.040000
AAACAC	41	0	1	0.000000
AAACAC	42	0	1	0.000000
AAACAC	43	0	1	0.000000
AAACAC	44	0	1	0.000000
AAACAC	45	0	1	0.000000
AAACAC	47	0	1	0.000000
AAACAC	48	0	1	0.000000
AAACAC	49	0	1	0.000000
AAACAC	50	0	1	0.000000
AAACAC	51	0	1	0.000000
AAACAC	52	0	1	0.000000
AAACAC	53	0	1	0.000000
AAACAC	54	0	1	0.000000
AAACAC	55	0	1	0.000000
AAACAC	56	0	1	0.000000
AAACAC	57	0	1	0.000000
AAACAC	58	0	1	0.000000
AAACAC	59	0	1	0.000000
AAACAC	60	0	1	0.000000
AAACAC	61	0	1	0.000000
AAACAC	62	0	1	0.000000
AAACAC	63	0	1	0.000000
AAACAC	64	0	1	0.000000
AAACAC	65	0	1	0.000000
AAACAC	66	0	1	0.000000
AAACAC	67	0	1	0.000000
AAACAC	68	0	1	0.000000
AAACAC	69	0	1	0.000000
AAACAC	70	0	1	0.000000
AAACAC	71	0	1	0.000000
AAACAC	72	0	1	0.000000
AAACAC	73	0	1	0.000000
AAACAC	74	0	1	0.000000
AAACAC	75	0	1	0.000000
AAACAC	76	0	1	0.000000
AAACAC	77	0	1	0.000000
AAACAC	78	0	1	0.000000
AAACAC	79	0	1	0.000000
AAACAC	80	0	1	0.000000
AAACAC	81	0	1	0.000000
AAACAC	82	0	1	0.000000
AAACAC	83	0	1	0.000000
AAACAC	84	0	1	0.000000
AAACAC	85	0	1	0.000000
AAACAC	86	0	1	0.000000
AAACAC	87	0	1	0.000000
AAACAC	88	0	1	0.000000
AAACAC	89	0	1	0.000000
AAACAC	90	0	1	0.000000
AAACAC	91	0	1	0.000000
AAACAC	92	0	1	0.000000
AAACAC	93	0	1	0.000000
AAACAC	94	0	1	0.000000
AAACAC	95	0	1	0.000000
AAACAC	96	0	1	0.000000
AAACAC	97	0	1	0.000000
AAACAC	98	0	1	0.000000
AAACAC	99	0	1	0.000000
AAACAC	100	0	1	0.000000
AAACAC	101	0	1	0.000000
AAACAC	102	0	1	0.000000
AAACAC	103	0	1	0.000000
AAACAC	104	0	1	0.000000
AAACAC	105	0	1	0.000000
AAACAC	106	0	1	0.000000
AAACAC	107	0	1	0.000000
AAACAC	108	0	1	0.000000
AAACAC	109	0	1	0.000000
AACCTT	3	0	1	0.000000
AACCTT	4	0	1	0.000000
AACCTT	5	0	1	0.000000
AACCTT	6	0	1	0.000000
AACCTT	7	0	1	0.000000
AACCTT	8	0	1	0.000000
AACCTT	9	0	1	0.000000
AACCTT	10	0	1	0.000000
AACCTT	11	0	1	0.000000
AACCTT	12	0	1	0.000000
AACCTT	13	0	1	0.000000
AACCTT	14	0	1	0.000000
AACCTT	15	0	1	0.000000
AACCTT	16	0	1	0.000000
AACCTT	17	0	1	0.000000
AACCTT	18	0	1	0.000000
AACCTT	19	0	1	0.000000
AACCTT	20	0	1	0.000000
AACCTT	21	0	1	0.000000
AACCTT	22	0	1	0.000000
AACCTT	23	0	1	0.000000
AACCTT	24	0	1	0.000000
AACCTT	25	0	1	0.000000
AACCTT	27	0	1	0.000000
AACCTT	28	0	1	0.000000
AACCTT	29	0	1	0.000000
AACCTT	30	0	1	0.000000
AACCTT	31	0	1	0.000000
AACCTT	32	1	1	0.040000
AACCTT	33	1	1	0.040000
AACCTT	34	0	1	0.000000
AACCTT	35	0	1	0.000000
AACCTT	36	0	1	0.000000
AACCTT	37	0	1	0.000000
AACCTT	38	0	1	0.000000
AACCTT	39	0	1	0.000000
AACCTT	40	0	1	0.000000
AACCTT	41	0	1	0.000000
AACCTT	42	0	1	0.000000
AACCTT	43	0	1	0.000000
AACCTT	44	0	1	0.000000
AACCTT	45	0	1	0.000000
AACCTT	47	0	1	0.000000
AACCTT	48	0	1	0.000000
AACCTT	49	0	1	0.000000
AACCTT	50	0	1	0.000000
AACCTT	51	0	1	0.000000
AACCTT	52	0	1	0.000000
AACCTT	53	0	1	0.000000
AACCTT	54	0	1	0.000000
AACCTT	55	0	1	0.000000
AACCTT	56	0	1	0.000000
AACCTT	57	0	1	0.000000
AACCTT	58	0	1	0.000000
AACCTT	59	0	1	0.000000
AACCTT	60	0	1	0.000000
AACCTT	61	0	1	0.000000
AACCTT	62	0	1	0.000000
AACCTT	63	0	1	0.000000
AACCTT	64	0	1	0.000000
AACCTT	65	0	1	0.000000
AACCTT	66	0	1	0.000000
AACCTT	67	0	1	0.000000
AACCTT	68	0	1	0.000000
AACCTT	69	0	1	0.000000
AACCTT	70	0	1	0.000000
AACCTT	71	0	1	0.000000
AACCTT	72	0	1	0.000000
AACCTT	73	0	1	0.000000
AACCTT	74	0	1	0.000000
AACCTT	75	0	1	0.000000
AACCTT	76	0	1	0.000000
AACCTT	77	0	1	0.000000
AACCTT	78	0	1	0.000000
AACCTT	79	0	1	0.000000
AACCTT	80	0	1	0.000000
AACCTT	81	0	1	0.000000
AACCTT	82	0	1	0.000000
AACCTT	83	0	1	0.000000
AACCTT	84	0	1	0.000000
AACCTT	85	0	1	0.000000
AACCTT	86	0	1	0.000000
AACCTT	87	0	1	0.000000
AACCTT	88	0	1	0.000000
AACCTT	89	0	1	0.000000
AACCTT	90	0	1	0.000000
AACCTT	91	0	1	0.000000
AACCTT	92	0	1	0.000000
AACCTT	93	0	1	0.000000
AACCTT	94	0	1	0.000000
AACCTT	95	0	1	0.000000
AACCTT	96	0	1	0.000000
AACCTT	97	0	1	0.000000
AACCTT	98	0	1	0.000000
AACCTT	99	0	1	0.000000
AACCTT	100	0	1	0.000000
AACCTT	101	0	1	0.000000
AACCTT	102	0	1	0.000000
AACCTT	103	0	1	0.000000
AACCTT	104	0	1	0.000000
AACCTT	105	0	1	0.000000
AACCTT	106	0	1	0.000000
AACCTT	107	0	1	0.000000
AACCTT	108	0	1	0.000000
AACCTT	109	0	1	0.000000
AATGGC	3	0	1	0.000000
AATGGC	4	0	1	0.000000
AATGGC	6	0	1	0.000000
AATGGC	8	0	1	0.000000
AATGGC	9	0	1	0.000000
AATGGC	10	0	1	0.000000
AATGGC	11	0	1	0.000000
AATGGC	12	0	1	0.000000
AATGGC	13	0	1	0.000000
AATGGC	14	0	1	0.000000
AATGGC	15	0	1	0.000000
AATGGC	16	0	1	0.000000
AATGGC	17	0	1	0.000000
AATGGC	18	0	1	0.000000
AATGGC	19	0	1	0.000000
AATGGC	20	0	1	0.000000
AATGGC	21	0	1	0.000000
AATGGC	22	0	1	0.000000
AATGGC	23	0	1	0.000000
AATGGC	24	0	1	0.000000
AATGGC	25	0	1	0.000000
AATGGC	26	0	1	0.000000
AATGGC	27	0	1	0.000000
AATGGC	28	0	1	0.000000
AATGGC	29	0	1	0.000000
AATGGC	30	0	1	0.000000
AATGGC	31	0	1	0.000000
AATGGC	32	0	1	0.000000
AATGGC	33	0	1	0.000000
AATGGC	34	0	1	0.000000
AATGGC	35	0	1	0.000000
AATGGC	36	0	1	0.000000
AATGGC	37	0	1	0.000000
AATGGC	38	0	1	0.000000
AATGGC	39	0	1	0.000000
AATGGC	40	0	1	0.000000
AATGGC	41	0	1	0.000000
AATGGC	42	0	1	0.000000
AATGGC	43	0	1	0.000000
AATGGC	44	0	1	0.000000
AATGGC	45	0	1	0.000000
AATGGC	46	0	1	0.000000
AATGGC	47	0	1	0.000000
AATGGC	48	0	1	0.000000
AATGGC	50	0	1	0.000000
AATGGC	51	0	1	0.000000
AATGGC	52	0	1	0.000000
AATGGC	53	0	1	0.000000
AATGGC	54	0	1	0.000000
AATGGC	55	0	1	0.000000
AATGGC	56	0	1	0.000000
AATGGC	57	0	1	0.000000
AATGGC	58	0	1	0.000000
AATGGC	59	0	1	0.000000
AATGGC	60	0	1	0.000000
AATGGC	61	0	1	0.000000
AATGGC	62	0	1	0.000000
AATGGC	63	0	1	0.000000
AATGGC	64	0	1	0.000000
AATGGC	65	0	1	0.000000
AATGGC	66	0	1	0.000000
AATGGC	67	0	1	0.000000
AATGGC	68	0	1	0.000000
AATGGC	69	0	1	0.000000
AATGGC	70	0	1	0.000000
AATGGC	71	0	1	0.000000
AATGGC	72	0	1	0.000000
AATGGC	73	0	1	0.000000
AATGGC	74	0	1	0.000000
AATGGC	75	0	1	0.000000
AATGGC	76	0	1	0.000000
AATGGC	77	0	1	0.000000
AATGGC	78	0	1	0.000000
AATGGC	79	0	1	0.000000
AATGGC	81	0	1	0.000000
AATGGC	82	0	1	0.000000
AATGGC	83	0	1	0.000000
AATGGC	84	0	1	0.000000
AATGGC	85	0	1	0.000000
AATGGC	86	0	1	0.000000
AATGGC	87	0	1	0.000000
AATGGC	88	0	1	0.000000
AATGGC	89	0	1	0.000000
AATGGC	90	0	1	0.000000
AATGGC	91	0	1	0.000000
AATGGC	92	0	1	0.000000
AATGGC	93	0	1	0.000000
AATGGC	94	0	1	0.000000
AATGGC	95	0	1	0.000000
AATGGC	96	0	1	0.000000
AATGGC	97	0	1	0.000000
AATGGC	98	0	1	0.000000
AATGGC	99	0	1	0.000000
AATGGC	100	0	1	0.000000
AATGGC	101	0	1	0.000000
AATGGC	102	0	1	0.000000
AATGGC	103	0	1	0.000000
AATGGC	104	0	1	0.000000
AATGGC	105	0	1	0.000000
AATGGC	106	0	1	0.000000
AATGGC	107	0	1	0.000000
AATGGC	108	1	1	0.040000
AATGGC	109	0	1	0.000000
AATGGC	3	0	1	0.000000
AATGGC	4	0	1	0.000000
AATGGC	6	0	1	0.000000
AATGGC	8	0	1	0.000000
AATGGC	9	0	1	0.000000
AATGGC	10	0	1	0.000000
AATGGC	11	0	1	0.000000
AATGGC	12	0	1	0.000000
AATGGC	13	0	1	0.000000
AATGGC	14	0	1	0.000000
AATGGC	15	0	1	0.000000
AATGGC	16	0	1	0.000000
AATGGC	17	0	1	0.000000
AATGGC	18	0	1	0.000000
AATGGC	19	0	1	0.000000
AATGGC	20	0	1	0.000000
AATGGC	21	0	1	0.000000
AATGGC	22	0	1	0.000000
AATGGC	23	0	1	0.000000
AATGGC	24	0	1	0.000000
AATGGC	25	0	1	0.000000
AATGGC	26	0	1	0.000000
AATGGC	27	0	1	0.000000
AATGGC	28	0	1	0.000000
AATGGC	29	0	1	0.000000
AATGGC	30	0	1	0.000000
AATGGC	31	0	1	0.000000
AATGGC	32	0	1	0.000000
AATGGC	33	0	1	0.000000
AATGGC	34	0	1	0.000000
AATGGC	35	0	1	0.000000
AATGGC	36	0	1	0.000000
AATGGC	37	0	1	0.000000
AATGGC	38	0	1	0.000000
AATGGC	39	0	1	0.000000
AATGGC	40	0	1	0.000000
AATGGC	41	0	1	0.000000
AATGGC	42	0	1	0.000000
AATGGC	43	0	1	0.000000
AATGGC	44	0	1	0.000000
AATGGC	45	0	1	0.000000
AATGGC	46	0	1	0.000000
AATGGC	47	0	1	0.000000
AATGGC	48	0	1	0.000000
AATGGC	50	0	1	0.000000
AATGGC	51	0	1	0.000000
AATGGC	52	0	1	0.000000
AATGGC	53	0	1	0.000000
AATGGC	54	0	1	0.000000
AATGGC	55	0	1	0.000000
AATGGC	56	0	1	0.000000
AATGGC	57	0	1	0.000000
AATGGC	58	0	1	0.000000
AATGGC	59	0	1	0.000000
AATGGC	60	0	1	0.000000
AATGGC	61	0	1	0.000000
AATGGC	62	0	1	0.000000
AATGGC	63	0	1	0.000000
AATGGC	64	0	1	0.000000
AATGGC	65	0	1	0.000000
AATGGC	66	0	1	0.000000
AATGGC	67	0	1	0.000000
AATGGC	68	0	1	0.000000
AATGGC	69	0	1	0.000000
AATGGC	70	0	1	0.000000
AATGGC	71	0	1	0.000000
AATGGC	72	0	1	0.000000
AATGGC	73	0	1	0.000000
AATGGC	74	0	1	0.000000
AATGGC	75	0	1	0.000000
AATGGC	76	0	1	0.000000
AATGGC	77	0	1	0.000000
AATGGC	78	0	1	0.000000
AATGGC	79	0	1	0.000000
AATGGC	81	0	1	0.000000
AATGGC	82	0	1	0.000000
AATGGC	83	0	1	0.000000
AATGGC	84	0	1	0.000000
AATGGC	85	0	1	0.000000
AATGGC	86	0	1	0.000000
AATGGC	87	0	1	0.000000
AATGGC	88	0	1	0.000000
AATGGC	89	0	1	0.000000
AATGGC	90	0	1	0.000000
AATGGC	91	0	1	0.000000
AATGGC	92	0	1	0.000000
AATGGC	93	0	1	0.000000
AATGGC	94	0	1	0.000000
AATGGC	95	0	1	0.000000
AATGGC	96	0	1	0.000000
AATGGC	97	0	1	0.000000
AATGGC	98	0	1	0.000000
AATGGC	99	0	1	0.000000
AATGGC	100	0	1	0.000000
AATGGC	101	0	1	0.000000
AATGGC	102	0	1	0.000000
AATGGC	103	0	1	0.000000
AATGGC	104	0	1	0.000000
AATGGC	105	0	1	0.000000
AATGGC	106	0	1	0.000000
AATGGC	107	0	1	0.000000
AATGGC	108	1	1	0.040000
AATGGC	109	0	1	0.000000
ACCACG	3	0	1	0.000000
ACCACG	4	0	1	0.000000
ACCACG	8	0	1	0.000000
ACCACG	9	0	1	0.000000
ACCACG	10	0	1	0.000000
ACCACG	11	0	1	0.000000
ACCACG	12	0	1	0.000000
ACCACG	13	0	1	0.000000
ACCACG	14	0	1	0.000000
ACCACG	15	0	1	0.000000
ACCACG	16	0	1	0.000000
ACCACG	17	0	1	0.000000
ACCACG	18	0	1	0.000000
ACCACG	19	0	1	0.000000
ACCACG	20	0	1	0.000000
ACCACG	21	0	1	0.000000
ACCACG	22	0	1	0.000000
ACCACG	23	0	1	0.000000
ACCACG	24	0	1	0.000000
ACCACG	25	0	1	0.000000
ACCACG	27	0	1	0.000000
ACCACG	28	0	1	0.000000
ACCACG	29	0	1	0.000000
ACCACG	30	0	1	0.000000
ACCACG	31	0	1	0.000000
ACCACG	32	1	1	0.040000
ACCACG	33	1	1	0.040000
ACCACG	34	0	1	0.000000
ACCACG	35	0	1	0.000000
ACCACG	36	0	1	0.000000
ACCACG	38	0	1	0.000000
ACCACG	40	0	1	0.000000
ACCACG	41	0	1	0.000000
ACCACG	43	0	1	0.000000
ACCACG	44	0	1	0.000000
ACCACG	45	0	1	0.000000
ACCACG	47	0	1	0.000000
ACCACG	48	0	1	0.000000
ACCACG	50	0	1	0.000000
ACCACG	51	0	1	0.000000
ACCACG	52	0	1	0.000000
ACCACG	53	0	1	0.000000
ACCACG	54	0	1	0.000000
ACCACG	55	0	1	0.000000
ACCACG	56	0	1	0.000000
ACCACG	57	0	1	0.000000
ACCACG	58	0	1	0.000000
ACCACG	59	0	1	0.000000
ACCACG	60	0	1	0.000000
ACCACG	61	0	1	0.000000
ACCACG	62	0	1	0.000000
ACCACG	63	0	1	0.000000
ACCACG	64	0	1	0.000000
ACCACG	65	0	1	0.000000
ACCACG	66	0	1	0.000000
ACCACG	67	0	1	0.000000
ACCACG	68	0	1	0.000000
ACCACG	69	0	1	0.000000
ACCACG	70	0	1	0.000000
ACCACG	71	0	1	0.000000
ACCACG	72	0	1	0.000000
ACCACG	73	0	1	0.000000
ACCACG	74	0	1	0.000000
ACCACG	75	0	1	0.000000
ACCACG	77	0	1	0.000000
ACCACG	78	0	1	0.000000
ACCACG	79	0	1	0.000000
ACCACG	80	0	1	0.000000
ACCACG	81	0	1	0.000000
ACCACG	82	0	1	0.000000
ACCACG	83	0	1	0.000000
ACCACG	84	0	1	0.000000
ACCACG	85	0	1	0.000000
ACCACG	86	0	1	0.000000
ACCACG	87	0	1	0.000000
ACCACG	88	0	1	0.000000
ACCACG	89	0	1	0.000000
ACCACG	90	0	1	0.000000
ACCACG	91	0	1	0.000000
ACCACG	92	0	1	0.000000
ACCACG	93	0	1	0.000000
ACCACG	94	0	1	0.000000
ACCACG	95	0	1	0.000000
ACCACG	96	0	1	0.000000
ACCACG	97	0	1	0.000000
ACCACG	98	0	1	0.000000
ACCACG	99	0	1	0.000000
ACCACG	100	0	1	0.000000
ACCACG	101	0	1	0.000000
ACCACG	102	0	1	0.000000
ACCACG	103	0	1	0.000000
ACCACG	104	0	1	0.000000
ACCACG	105	0	1	0.000000
ACCACG	106	0	1	0.000000
ACCACG	107	0	1	0.000000
ACCACG	108	0	1	0.000000
ACCACG	109	0	1	0.000000
