Group	Col	MutCount	TotalSites	Mu
3-7	3	0	27	0.000000
3-7	4	2	16	0.005000
3-7	5	0	19	0.000000
3-7	6	0	21	0.000000
3-7	7	0	13	0.000000
3-7	8	0	27	0.000000
3-7	9	1	27	0.001481
3-7	10	1	28	0.001429
3-7	11	0	27	0.000000
3-7	12	0	26	0.000000
3-7	13	0	27	0.000000
3-7	14	0	27	0.000000
3-7	15	1	27	0.001481
3-7	16	0	26	0.000000
3-7	17	0	24	0.000000
3-7	18	0	26	0.000000
3-7	19	1	26	0.001538
3-7	20	0	26	0.000000
3-7	21	2	26	0.003077
3-7	22	0	25	0.000000
3-7	23	0	25	0.000000
3-7	24	0	27	0.000000
3-7	25	2	26	0.003077
3-7	26	0	20	0.000000
3-7	27	3	27	0.004444
3-7	28	0	27	0.000000
3-7	29	0	27	0.000000
3-7	30	0	27	0.000000
3-7	31	0	27	0.000000
3-7	32	2	26	0.003077
3-7	33	2	24	0.003333
3-7	34	1	27	0.001481
3-7	35	0	27	0.000000
3-7	36	0	25	0.000000
3-7	37	0	25	0.000000
3-7	38	0	24	0.000000
3-7	39	0	23	0.000000
3-7	40	1	25	0.001600
3-7	41	0	20	0.000000
3-7	42	0	23	0.000000
3-7	43	0	25	0.000000
3-7	44	0	25	0.000000
3-7	45	0	24	0.000000
3-7	46	1	14	0.002857
3-7	47	0	20	0.000000
3-7	48	1	21	0.001905
3-7	49	0	13	0.000000
3-7	50	0	26	0.000000
3-7	51	0	26	0.000000
3-7	52	0	27	0.000000
3-7	53	0	25	0.000000
3-7	54	0	28	0.000000
3-7	55	0	27	0.000000
3-7	56	0	26	0.000000
3-7	57	1	27	0.001481
3-7	58	0	24	0.000000
3-7	59	0	26	0.000000
3-7	60	0	25	0.000000
3-7	61	0	27	0.000000
3-7	62	0	27	0.000000
3-7	63	0	25	0.000000
3-7	64	0	26	0.000000
3-7	65	0	27	0.000000
3-7	66	0	26	0.000000
3-7	67	0	27	0.000000
3-7	68	1	25	0.001600
3-7	69	0	23	0.000000
3-7	70	1	27	0.001481
3-7	71	0	26	0.000000
3-7	72	0	25	0.000000
3-7	73	0	26	0.000000
3-7	74	0	21	0.000000
3-7	75	0	25	0.000000
3-7	76	0	23	0.000000
3-7	77	0	25	0.000000
3-7	78	1	25	0.001600
3-7	79	1	27	0.001481
3-7	80	1	23	0.001739
3-7	81	0	26	0.000000
3-7	82	0	27	0.000000
3-7	83	1	26	0.001538
3-7	84	1	26	0.001538
3-7	85	0	28	0.000000
3-7	86	1	26	0.001538
3-7	87	1	26	0.001538
3-7	88	1	26	0.001538
3-7	89	0	28	0.000000
3-7	90	0	26	0.000000
3-7	91	0	27	0.000000
3-7	92	0	27	0.000000
3-7	93	0	26	0.000000
3-7	94	0	26	0.000000
3-7	95	0	26	0.000000
3-7	96	0	27	0.000000
3-7	97	0	27	0.000000
3-7	98	0	26	0.000000
3-7	99	0	26	0.000000
3-7	100	0	27	0.000000
3-7	101	1	27	0.001481
3-7	102	1	25	0.001600
3-7	103	0	26	0.000000
3-7	104	1	26	0.001538
3-7	105	0	26	0.000000
3-7	106	0	25	0.000000
3-7	107	1	26	0.001538
3-7	108	1	24	0.001667
3-7	109	0	26	0.000000
8-12	3	5	196	0.001020
8-12	4	1	53	0.000755
8-12	5	4	88	0.001818
8-12	6	4	97	0.001649
8-12	7	1	107	0.000374
8-12	8	5	236	0.000847
8-12	9	8	215	0.001488
8-12	10	8	236	0.001356
8-12	11	11	250	0.001760
8-12	12	5	171	0.001170
8-12	13	6	244	0.000984
8-12	14	12	238	0.002017
8-12	15	5	217	0.000922
8-12	16	8	235	0.001362
8-12	17	5	222	0.000901
8-12	18	8	210	0.001524
8-12	19	8	215	0.001488
8-12	20	8	206	0.001553
8-12	21	6	189	0.001270
8-12	22	9	196	0.001837
8-12	23	9	157	0.002293
8-12	24	7	230	0.001217
8-12	25	7	190	0.001474
8-12	26	2	104	0.000769
8-12	27	7	179	0.001564
8-12	28	6	171	0.001404
8-12	29	9	181	0.001989
8-12	30	8	222	0.001441
8-12	31	11	187	0.002353
8-12	32	7	153	0.001830
8-12	33	7	178	0.001573
8-12	34	9	183	0.001967
8-12	35	9	192	0.001875
8-12	36	7	167	0.001677
8-12	37	7	187	0.001497
8-12	38	2	118	0.000678
8-12	39	4	129	0.001240
8-12	40	8	206	0.001553
8-12	41	4	123	0.001301
8-12	42	5	126	0.001587
8-12	43	4	145	0.001103
8-12	44	6	196	0.001224
8-12	45	5	132	0.001515
8-12	46	0	68	0.000000
8-12	47	6	110	0.002182
8-12	48	2	104	0.000769
8-12	49	2	68	0.001176
8-12	50	7	209	0.001340
8-12	51	5	181	0.001105
8-12	52	7	214	0.001308
8-12	53	6	221	0.001086
8-12	54	7	206	0.001359
8-12	55	7	194	0.001443
8-12	56	5	193	0.001036
8-12	57	5	206	0.000971
8-12	58	7	207	0.001353
8-12	59	8	219	0.001461
8-12	60	7	222	0.001261
8-12	61	4	200	0.000800
8-12	62	5	229	0.000873
8-12	63	9	208	0.001731
8-12	64	5	145	0.001379
8-12	65	7	203	0.001379
8-12	66	7	174	0.001609
8-12	67	6	193	0.001244
8-12	68	7	164	0.001707
8-12	69	4	182	0.000879
8-12	70	3	169	0.000710
8-12	71	3	184	0.000652
8-12	72	7	194	0.001443
8-12	73	1	194	0.000206
8-12	74	7	133	0.002105
8-12	75	7	160	0.001750
8-12	76	1	141	0.000284
8-12	77	12	191	0.002513
8-12	78	6	184	0.001304
8-12	79	5	222	0.000901
8-12	80	5	152	0.001316
8-12	81	7	214	0.001308
8-12	82	6	218	0.001101
8-12	83	10	213	0.001878
8-12	84	7	167	0.001677
8-12	85	6	207	0.001159
8-12	86	6	213	0.001127
8-12	87	10	201	0.001990
8-12	88	4	199	0.000804
8-12	89	15	244	0.002459
8-12	90	6	214	0.001121
8-12	91	6	213	0.001127
8-12	92	5	201	0.000995
8-12	93	10	220	0.001818
8-12	94	3	225	0.000533
8-12	95	4	233	0.000687
8-12	96	9	203	0.001773
8-12	97	6	227	0.001057
8-12	98	5	208	0.000962
8-12	99	8	196	0.001633
8-12	100	3	183	0.000656
8-12	101	3	174	0.000690
8-12	102	5	147	0.001361
8-12	103	7	216	0.001296
8-12	104	6	198	0.001212
8-12	105	13	205	0.002537
8-12	106	4	152	0.001053
8-12	107	6	184	0.001304
8-12	108	6	164	0.001463
8-12	109	4	169	0.000947
13-17	3	13	161	0.003230
13-17	4	1	30	0.001333
13-17	5	2	35	0.002286
13-17	6	3	51	0.002353
13-17	7	6	61	0.003934
13-17	8	19	207	0.003671
13-17	9	11	191	0.002304
13-17	10	25	202	0.004950
13-17	11	22	233	0.003777
13-17	12	6	103	0.002330
13-17	13	7	171	0.001637
13-17	14	18	207	0.003478
13-17	15	18	200	0.003600
13-17	16	15	176	0.003409
13-17	17	10	150	0.002667
13-17	18	9	159	0.002264
13-17	19	16	176	0.003636
13-17	20	12	181	0.002652
13-17	21	9	137	0.002628
13-17	22	9	135	0.002667
13-17	23	12	107	0.004486
13-17	24	16	184	0.003478
13-17	25	13	133	0.003910
13-17	26	2	58	0.001379
13-17	27	9	126	0.002857
13-17	28	8	104	0.003077
13-17	29	9	125	0.002880
13-17	30	17	171	0.003977
13-17	31	16	161	0.003975
13-17	32	7	104	0.002692
13-17	33	8	108	0.002963
13-17	34	8	129	0.002481
13-17	35	8	134	0.002388
13-17	36	13	123	0.004228
13-17	37	9	105	0.003429
13-17	38	6	66	0.003636
13-17	39	4	65	0.002462
13-17	40	13	145	0.003586
13-17	41	1	56	0.000714
13-17	42	7	92	0.003043
13-17	43	9	82	0.004390
13-17	44	13	137	0.003796
13-17	45	9	117	0.003077
13-17	46	3	41	0.002927
13-17	47	3	70	0.001714
13-17	48	4	58	0.002759
13-17	49	3	38	0.003158
13-17	50	11	144	0.003056
13-17	51	9	113	0.003186
13-17	52	11	162	0.002716
13-17	53	11	177	0.002486
13-17	54	8	155	0.002065
13-17	55	11	130	0.003385
13-17	56	13	134	0.003881
13-17	57	16	156	0.004103
13-17	58	11	128	0.003438
13-17	59	6	175	0.001371
13-17	60	14	160	0.003500
13-17	61	14	162	0.003457
13-17	62	17	184	0.003696
13-17	63	10	145	0.002759
13-17	64	5	95	0.002105
13-17	65	10	155	0.002581
13-17	66	6	125	0.001920
13-17	67	12	148	0.003243
13-17	68	8	124	0.002581
13-17	69	9	110	0.003273
13-17	70	13	132	0.003939
13-17	71	9	138	0.002609
13-17	72	11	151	0.002914
13-17	73	16	171	0.003743
13-17	74	5	71	0.002817
13-17	75	2	83	0.000964
13-17	76	7	76	0.003684
13-17	77	7	123	0.002276
13-17	78	10	111	0.003604
13-17	79	12	183	0.002623
13-17	80	3	84	0.001429
13-17	81	5	170	0.001176
13-17	82	15	176	0.003409
13-17	83	15	154	0.003896
13-17	84	8	115	0.002783
13-17	85	11	164	0.002683
13-17	86	11	169	0.002604
13-17	87	18	165	0.004364
13-17	88	19	166	0.004578
13-17	89	12	193	0.002487
13-17	90	13	159	0.003270
13-17	91	16	154	0.004156
13-17	92	6	168	0.001429
13-17	93	9	143	0.002517
13-17	94	17	188	0.003617
13-17	95	10	166	0.002410
13-17	96	14	174	0.003218
13-17	97	17	192	0.003542
13-17	98	13	167	0.003114
13-17	99	7	128	0.002188
13-17	100	10	110	0.003636
13-17	101	5	86	0.002326
13-17	102	7	94	0.002979
13-17	103	13	159	0.003270
13-17	104	13	152	0.003421
13-17	105	14	155	0.003613
13-17	106	7	99	0.002828
13-17	107	11	142	0.003099
13-17	108	4	89	0.001798
13-17	109	14	110	0.005091
18-22	3	6	41	0.005854
18-22	4	1	3	0.013333
18-22	5	2	6	0.013333
18-22	6	2	6	0.013333
18-22	7	1	7	0.005714
18-22	8	8	57	0.005614
18-22	9	3	32	0.003750
18-22	10	7	56	0.005000
18-22	11	8	56	0.005714
18-22	12	3	23	0.005217
18-22	13	10	49	0.008163
18-22	14	5	42	0.004762
18-22	15	11	61	0.007213
18-22	16	9	50	0.007200
18-22	17	9	41	0.008780
18-22	18	2	33	0.002424
18-22	19	9	41	0.008780
18-22	20	4	40	0.004000
18-22	21	3	26	0.004615
18-22	22	3	28	0.004286
18-22	23	3	28	0.004286
18-22	24	9	47	0.007660
18-22	25	3	30	0.004000
18-22	26	2	13	0.006154
18-22	27	2	14	0.005714
18-22	28	4	25	0.006400
18-22	29	5	25	0.008000
18-22	30	3	37	0.003243
18-22	31	4	26	0.006154
18-22	32	1	28	0.001429
18-22	33	3	26	0.004615
18-22	34	2	26	0.003077
18-22	35	4	23	0.006957
18-22	36	3	29	0.004138
18-22	37	0	15	0.000000
18-22	38	2	16	0.005000
18-22	39	2	17	0.004706
18-22	40	2	24	0.003333
18-22	41	1	14	0.002857
18-22	42	2	12	0.006667
18-22	43	1	17	0.002353
18-22	44	3	25	0.004800
18-22	45	0	20	0.000000
18-22	46	0	7	0.000000
18-22	47	0	13	0.000000
18-22	48	3	10	0.012000
18-22	49	0	5	0.000000
18-22	50	2	36	0.002222
18-22	51	4	28	0.005714
18-22	52	6	38	0.006316
18-22	53	2	34	0.002353
18-22	54	5	33	0.006061
18-22	55	4	33	0.004848
18-22	56	10	38	0.010526
18-22	57	6	36	0.006667
18-22	58	1	25	0.001600
18-22	59	10	41	0.009756
18-22	60	8	42	0.007619
18-22	61	8	42	0.007619
18-22	62	8	46	0.006957
18-22	63	4	23	0.006957
18-22	64	3	19	0.006316
18-22	65	7	37	0.007568
18-22	66	2	24	0.003333
18-22	67	4	29	0.005517
18-22	68	1	21	0.001905
18-22	69	2	24	0.003333
18-22	70	2	24	0.003333
18-22	71	1	32	0.001250
18-22	72	3	28	0.004286
18-22	73	3	31	0.003871
18-22	74	0	9	0.000000
18-22	75	1	20	0.002000
18-22	76	1	18	0.002222
18-22	77	1	24	0.001667
18-22	78	2	19	0.004211
18-22	79	6	45	0.005333
18-22	80	2	22	0.003636
18-22	81	9	38	0.009474
18-22	82	7	42	0.006667
18-22	83	3	37	0.003243
18-22	84	1	29	0.001379
18-22	85	8	37	0.008649
18-22	86	3	36	0.003333
18-22	87	5	33	0.006061
18-22	88	3	36	0.003333
18-22	89	8	45	0.007111
18-22	90	1	35	0.001143
18-22	91	5	33	0.006061
18-22	92	5	30	0.006667
18-22	93	3	39	0.003077
18-22	94	6	36	0.006667
18-22	95	9	45	0.008000
18-22	96	3	31	0.003871
18-22	97	11	45	0.009778
18-22	98	5	39	0.005128
18-22	99	3	32	0.003750
18-22	100	1	24	0.001667
18-22	101	3	21	0.005714
18-22	102	0	16	0.000000
18-22	103	6	30	0.008000
18-22	104	4	30	0.005333
18-22	105	6	31	0.007742
18-22	106	3	21	0.005714
18-22	107	6	27	0.008889
18-22	108	2	17	0.004706
18-22	109	5	28	0.007143
23-27	3	1	13	0.003077
23-27	4	0	2	0.000000
23-27	5	0	4	0.000000
23-27	6	0	2	0.000000
23-27	7	0	3	0.000000
23-27	8	3	15	0.008000
23-27	9	3	13	0.009231
23-27	10	3	14	0.008571
23-27	11	4	22	0.007273
23-27	12	2	9	0.008889
23-27	13	1	14	0.002857
23-27	14	3	15	0.008000
23-27	15	1	15	0.002667
23-27	16	2	11	0.007273
23-27	17	2	11	0.007273
23-27	18	3	13	0.009231
23-27	19	2	14	0.005714
23-27	20	2	13	0.006154
23-27	21	0	5	0.000000
23-27	22	1	9	0.004444
23-27	23	1	6	0.006667
23-27	24	4	14	0.011429
23-27	25	3	12	0.010000
23-27	26	0	7	0.000000
23-27	27	0	9	0.000000
23-27	28	1	7	0.005714
23-27	29	1	6	0.006667
23-27	30	2	12	0.006667
23-27	31	1	10	0.004000
23-27	32	2	9	0.008889
23-27	33	2	8	0.010000
23-27	34	0	7	0.000000
23-27	35	1	12	0.003333
23-27	36	2	9	0.008889
23-27	37	1	11	0.003636
23-27	38	1	6	0.006667
23-27	39	0	4	0.000000
23-27	40	0	10	0.000000
23-27	41	0	7	0.000000
23-27	42	2	8	0.010000
23-27	43	0	6	0.000000
23-27	44	2	11	0.007273
23-27	45	0	11	0.000000
23-27	46	0	3	0.000000
23-27	47	0	5	0.000000
23-27	48	0	4	0.000000
23-27	49	0	3	0.000000
23-27	50	4	12	0.013333
23-27	51	1	7	0.005714
23-27	52	0	10	0.000000
23-27	53	4	16	0.010000
23-27	54	3	14	0.008571
23-27	55	0	11	0.000000
23-27	56	2	9	0.008889
23-27	57	1	11	0.003636
23-27	58	3	11	0.010909
23-27	59	3	17	0.007059
23-27	60	2	13	0.006154
23-27	61	2	14	0.005714
23-27	62	1	13	0.003077
23-27	63	1	9	0.004444
23-27	64	0	6	0.000000
23-27	65	3	12	0.010000
23-27	66	2	10	0.008000
23-27	67	2	11	0.007273
23-27	68	1	10	0.004000
23-27	69	0	8	0.000000
23-27	70	0	6	0.000000
23-27	71	4	16	0.010000
23-27	72	1	9	0.004444
23-27	73	1	10	0.004000
23-27	74	1	7	0.005714
23-27	75	0	9	0.000000
23-27	76	1	7	0.005714
23-27	77	2	5	0.016000
23-27	78	1	7	0.005714
23-27	79	1	14	0.002857
23-27	80	1	7	0.005714
23-27	81	1	13	0.003077
23-27	82	2	12	0.006667
23-27	83	1	11	0.003636
23-27	84	1	12	0.003333
23-27	85	1	11	0.003636
23-27	86	2	10	0.008000
23-27	87	0	14	0.000000
23-27	88	3	12	0.010000
23-27	89	1	11	0.003636
23-27	90	1	11	0.003636
23-27	91	0	9	0.000000
23-27	92	3	11	0.010909
23-27	93	1	12	0.003333
23-27	94	1	11	0.003636
23-27	95	1	15	0.002667
23-27	96	3	13	0.009231
23-27	97	1	13	0.003077
23-27	98	1	12	0.003333
23-27	99	0	12	0.000000
23-27	100	1	11	0.003636
23-27	101	1	10	0.004000
23-27	102	0	6	0.000000
23-27	103	2	14	0.005714
23-27	104	3	13	0.009231
23-27	105	0	7	0.000000
23-27	106	1	11	0.003636
23-27	107	1	9	0.004444
23-27	108	0	7	0.000000
23-27	109	0	8	0.000000
28+	3	2	4	0.020000
28+	5	0	1	0.000000
28+	6	1	1	0.040000
28+	7	0	1	0.000000
28+	8	2	5	0.016000
28+	9	1	4	0.010000
28+	10	2	5	0.016000
28+	11	3	7	0.017143
28+	12	0	1	0.000000
28+	13	0	5	0.000000
28+	14	3	6	0.020000
28+	15	0	6	0.000000
28+	16	1	4	0.010000
28+	17	1	3	0.013333
28+	18	1	4	0.010000
28+	19	3	4	0.030000
28+	20	1	4	0.010000
28+	21	1	4	0.010000
28+	22	1	4	0.010000
28+	23	0	1	0.000000
28+	24	1	4	0.010000
28+	25	1	2	0.020000
28+	26	0	1	0.000000
28+	27	2	5	0.016000
28+	28	0	2	0.000000
28+	29	1	4	0.010000
28+	30	0	2	0.000000
28+	31	0	4	0.000000
28+	33	0	2	0.000000
28+	34	1	3	0.013333
28+	35	1	1	0.040000
28+	37	0	1	0.000000
28+	38	0	1	0.000000
28+	39	0	1	0.000000
28+	41	0	1	0.000000
28+	42	1	1	0.040000
28+	43	0	1	0.000000
28+	44	2	2	0.040000
28+	45	0	2	0.000000
28+	46	1	2	0.020000
28+	47	0	1	0.000000
28+	48	1	1	0.040000
28+	49	0	1	0.000000
28+	50	1	4	0.010000
28+	51	0	2	0.000000
28+	52	1	4	0.010000
28+	53	0	2	0.000000
28+	54	2	5	0.016000
28+	55	0	6	0.000000
28+	56	0	3	0.000000
28+	57	2	4	0.020000
28+	58	2	3	0.026667
28+	59	5	7	0.028571
28+	60	3	8	0.015000
28+	61	1	4	0.010000
28+	62	1	3	0.013333
28+	63	2	5	0.016000
28+	64	0	2	0.000000
28+	65	1	3	0.013333
28+	66	0	1	0.000000
28+	67	2	4	0.020000
28+	68	1	2	0.020000
28+	69	0	3	0.000000
28+	70	4	6	0.026667
28+	71	1	1	0.040000
28+	72	1	4	0.010000
28+	73	0	3	0.000000
28+	74	1	3	0.013333
28+	75	1	5	0.008000
28+	76	1	2	0.020000
28+	77	0	1	0.000000
28+	78	0	2	0.000000
28+	79	1	3	0.013333
28+	81	1	4	0.010000
28+	82	3	7	0.017143
28+	83	1	6	0.006667
28+	84	0	1	0.000000
28+	85	2	2	0.040000
28+	86	1	5	0.008000
28+	87	1	3	0.013333
28+	88	0	1	0.000000
28+	89	1	5	0.008000
28+	90	1	4	0.010000
28+	91	0	1	0.000000
28+	92	1	4	0.010000
28+	93	1	2	0.020000
28+	94	2	5	0.016000
28+	95	0	5	0.000000
28+	96	1	3	0.013333
28+	97	3	5	0.024000
28+	98	2	6	0.013333
28+	99	0	1	0.000000
28+	100	1	5	0.008000
28+	101	0	1	0.000000
28+	102	1	1	0.040000
28+	103	0	4	0.000000
28+	104	1	4	0.010000
28+	105	1	3	0.013333
28+	106	1	4	0.010000
28+	107	0	3	0.000000
28+	108	2	3	0.026667
28+	109	0	1	0.000000
